7181
7191
7194
7255
7261
7522
7656
7661
7662
7669
7751
7868
7931
7962
8087
8093
8098
9498
9499
9516
10018
10019
10026
10030
10129
10131
10134
10143
10174
10175
10179
10186
10188
10212
10214
10215
10221
10225
10227
10236
10240
40483
40499
40539
40547
40573
40591
40615
40623
40675
40676
40686
41485
41486
41489
41498
41602
41603
41608
41609
41619
41620
41627
41628
41629
66591
75005
75013
75028
75029
75030
75031
75032
75033
75046
75049
75053
75054
75059
75060
75072
75073
75074
75075
75076
75077
75084
75087
75095
75098
75099
75102
75103
75125
75126
75127
75128
75129
75130
75136
75138
75144
75149
75151
75158
75159
75160
75161
75162
75163
75181
75191
75192
75193
75195
75196
75198
75199
75223
75224
75228
75232
75242
75252
75255
75265
75271
75272
75273
75274
75275
75276
75277
75281
75283
75290
75293
75294
75299
75300
75302
75304
75305
75309
75313
75317
75323
75325
75326
75327
75328
75329
75330
75331
75333
75336
75337
75339
75341
75343
75346
75347
75348
75349
75350
75351
75352
75353
75355
75357
75360
75361
75362
75365
75367
75378
75380
75382
75383
75385
75389
75397
911952
75375
3219
3340
3341
3342
3343
4475
4476
4477
4478
4479
4480
4481
4482
4483
4484
4485
4486
4487
4488
4489
4490
4491
4492
4493
4494
4495
4500
4501
4502
4504
6205
6206
6207
6208
6209
6210
6211
6212
6963
6964
6965
6966
6967
6968
7101
7103
7104
7106
7110
7111
7113
7115
7119
7121
7124
7126
7127
7128
7130
7131
7133
7134
7139
7140
7141
7142
7143
7144
7146
7150
7151
7152
7153
7155
7159
7161
7163
7166
7171
7180
7181
7184
7186
7190
7191
7194
7200
7201
7203
7204
7250
7251
7252
7255
7256
7257
7258
7259
7260
7261
7261
7262
7263
7264
7283
7654
7655
7656
7657
7658
7659
7660
7661
7662
7663
7664
7665
7666
7667
7668
7669
7670
7671
7672
7673
7674
7675
7676
7678
7679
7680
7681
7748
7749
7751
7752
7753
7754
7778
7868
7869
7877
7879
7913
7914
7915
7929
7930
7931
7956
7957
7958
7959
7961
7962
7964
7965
8000
8001
8002
8007
8008
8009
8010
8011
8012
8014
8015
8016
8017
8018
8019
8028
8029
8031
8033
8036
8037
8038
8039
8083
8084
8085
8086
8087
8088
8089
8091
8092
8093
8095
8096
8097
8098
8099
8128
8129
9488
9489
9490
9491
9492
9493
9494
9495
9496
9497
9498
9499
9500
9509
9515
9516
9525
9526
9674
9675
9676
9677
9678
9679
10018
10019
10026
10030
10123
10129
10131
10134
10143
10144
10174
10175
10178
10179
10186
10188
10195
10198
10212
10215
10221
10225
10227
10236
10240
11905
11912
11920
20006
20007
20009
20010
20016
20018
20019
20021
30004
30005
30006
30050
30051
30052
30053
30054
30055
30056
30057
30058
30059
30240
30241
30242
30243
30244
30246
30247
30272
30274
30275
30276
30277
30278
30279
30380
30381
30383
30384
30386
30388
30461
30495
30496
30497
30498
30602
30605
30611
30624
30625
30654
30680
30685
30708
40176
40268
40288
40298
40299
40300
40333
40362
40407
40451
40483
40531
40557
40558
40591
40658
40686
40730
40755
65081
65145
65153
65707
65771
65828
65844
65845
66142
66150
66221
66308
66341
66364
66366
66368
66377
66378
66395
66396
66411
66431
66432
66449
66456
66473
66479
66495
66512
66514
66515
66533
66534
66535
66536
66542
66543
66555
66556
66596
66597
66674
66708
66775
66778
66787
75000
75001
75002
75003
75004
75005
75006
75007
75008
75009
75010
75011
75012
75013
75014
75015
75016
75017
75018
75019
75020
75021
75022
75023
75024
75025
75028
75029
75030
75031
75032
75033
75034
75035
75036
75037
75038
75039
75040
75041
75042
75043
75044
75045
75046
75048
75049
75050
75051
75052
75053
75054
75055
75056
75058
75059
75060
75072
75073
75074
75075
75076
75077
75078
75079
75080
75081
75082
75083
75084
75085
75086
75087
75088
75089
75090
75091
75092
75093
75094
75095
75096
75097
75098
75099
75100
75101
75102
75103
75104
75105
75106
75107
75108
75109
75110
75111
75112
75113
75114
75115
75116
75117
75118
75119
75120
75121
75125
75126
75127
75128
75129
75130
75131
75132
75133
75134
75135
75136
75137
75138
75139
75140
75141
75142
75144
75145
75146
75147
75148
75149
75150
75151
75152
75153
75154
75155
75156
75157
75158
75159
75160
75161
75162
75163
75164
75165
75166
75167
75168
75169
75170
75171
75172
75173
75174
75175
75176
75177
75178
75179
75180
75181
75182
75183
75184
75185
75186
75187
75188
75188
75189
75190
75191
75192
75193
75194
75195
75196
75197
75198
75199
75200
75201
75202
75203
75204
75205
75206
75207
75208
75209
75210
75211
75212
75213
75214
75215
75216
75217
75218
75219
75220
75221
75222
75223
75224
75225
75226
75227
75228
75229
75230
75233
75234
75235
75236
75237
75238
75239
75240
75241
75242
75243
75244
75245
75246
75247
75248
75249
75250
75251
75252
75253
75254
75255
75256
75257
75258
75259
75261
75262
75263
75264
75265
75266
75267
75268
75269
75270
75271
75272
75273
75274
75275
75276
75277
75278
75279
75280
75281
75283
75284
75286
75288
75290
75291
75292
75293
75294
75295
75296
75297
75298
75299
75300
75301
75302
75304
75305
75306
75307
75308
75309
75310
75311
75312
75313
75314
75315
75316
75318
75319
75320
75321
75322
75323
75324
75325
75326
75327
75328
75329
75330
75331
75332
75333
75334
75335
75336
75337
75338
75339
75340
75341
75342
75343
75344
75345
75346
75347
75348
75349
75350
75351
75352
75353
75354
75355
75356
75357
75358
75359
75360
75361
75362
75363
75364
75365
75366
75367
75368
75369
75370
75371
75372
75373
75374
75375
75376
75377
75378
75379
75380
75381
75382
75383
75384
75385
75386
75387
75388
75389
75390
75391
75392
75393
75394
75395
75396
75397
75398
75401
75404
75405
75410
75512

